SQ:
  cv1: 15.875
  cv2: 15.875
  energy: 0.0
  grid_index: 6363
  node_index: 6
hrect:
  cv1: 2.875
  cv2: 13.625
  energy: 151.80595599999998
  grid_index: 1154
  node_index: 0
sq:
  cv1: 6.875
  cv2: 6.875
  energy: 195.367787
  grid_index: 2727
  node_index: 3
vrect:
  cv1: 13.625
  cv2: 2.875
  energy: 151.80595599999998
  grid_index: 5411
  node_index: 4
