SQ:
  cv1: 15.875
  cv2: 15.875
  energy: 0.0
  grid_index: 6363
  node_index: 5
hrect:
  cv1: 2.625
  cv2: 13.625
  energy: 149.29385150000002
  grid_index: 1054
  node_index: 0
sq:
  cv1: 6.625
  cv2: 6.625
  energy: 205.428358
  grid_index: 2626
  node_index: 1
vrect:
  cv1: 13.625
  cv2: 2.625
  energy: 149.29385150000002
  grid_index: 5410
  node_index: 4
