SQ:
  cv1: 16.875
  cv2: 16.875
  energy: 0.052285
  grid_index: 6767
  node_index: 11
hrect:
  cv1: 4.625
  cv2: 12.875
  energy: 154.94464549999998
  grid_index: 1851
  node_index: 2
vrect:
  cv1: 12.875
  cv2: 4.625
  energy: 154.94464549999998
  grid_index: 5118
  node_index: 8
