SQ:
  cv1: 16.375
  cv2: 16.375
  energy: 0.0
  grid_index: 6565
  node_index: 8
hrect:
  cv1: 3.875
  cv2: 14.125
  energy: 209.607552
  grid_index: 1556
  node_index: 0
vrect:
  cv1: 14.125
  cv2: 3.875
  energy: 209.607552
  grid_index: 5615
  node_index: 7
