SQ:
  cv1: 16.375
  cv2: 16.375
  energy: 0.0
  grid_index: 6565
  node_index: 9
hrect:
  cv1: 4.375
  cv2: 10.375
  energy: 113.855171
  grid_index: 1741
  node_index: 0
vrect:
  cv1: 10.375
  cv2: 4.375
  energy: 113.855171
  grid_index: 4117
  node_index: 5
