SQ:
  cv1: 19.375
  cv2: 19.375
  energy: 0.003884
  grid_index: 7777
  node_index: 86
sq:
  cv1: 5.125
  cv2: 5.125
  energy: 110.376829
  grid_index: 2020
  node_index: 7
