SQ:
  cv1: 17.375
  cv2: 17.375
  energy: 0.0
  grid_index: 6969
  node_index: 11
hrect:
  cv1: 4.625
  cv2: 10.125
  energy: 211.37142649999998
  grid_index: 1840
  node_index: 0
vrect:
  cv1: 10.125
  cv2: 4.625
  energy: 211.37142649999998
  grid_index: 4018
  node_index: 8
