SQ:
  cv1: 18.875
  cv2: 18.875
  energy: 0.0
  grid_index: 7575
  node_index: 12
hrect:
  cv1: 7.375
  cv2: 16.375
  energy: 95.202731
  grid_index: 2965
  node_index: 3
vrect:
  cv1: 16.375
  cv2: 7.375
  energy: 95.202731
  grid_index: 6529
  node_index: 8
