SQ:
  cv1: 15.875
  cv2: 16.125
  energy: 0.088568
  grid_index: 6364
  node_index: 63
sq:
  cv1: 5.125
  cv2: 5.125
  energy: 126.64101
  grid_index: 2020
  node_index: 5
