SQ:
  cv1: 19.375
  cv2: 19.375
  energy: 0.127703
  grid_index: 7777
  node_index: 19
hrect:
  cv1: 3.375
  cv2: 15.375
  energy: 160.117696
  grid_index: 1361
  node_index: 2
sq:
  cv1: 6.625
  cv2: 6.625
  energy: 190.342197
  grid_index: 2626
  node_index: 4
vrect:
  cv1: 15.375
  cv2: 3.375
  energy: 160.117696
  grid_index: 6113
  node_index: 15
