SQ:
  cv1: 21.125
  cv2: 21.125
  energy: 0.758919
  grid_index: 8484
  node_index: 20
hrect:
  cv1: 5.625
  cv2: 8.875
  energy: 97.1335935
  grid_index: 2235
  node_index: 1
vrect:
  cv1: 8.875
  cv2: 5.625
  energy: 97.1335935
  grid_index: 3522
  node_index: 7
