SQ:
  cv1: 20.625
  cv2: 20.625
  energy: 0.005736
  grid_index: 8282
  node_index: 18
hrect:
  cv1: 5.875
  cv2: 12.125
  energy: 106.3775355
  grid_index: 2348
  node_index: 2
vrect:
  cv1: 12.125
  cv2: 5.875
  energy: 106.3775355
  grid_index: 4823
  node_index: 14
