SQ:
  cv1: 15.125
  cv2: 15.375
  energy: 1.277347
  grid_index: 6061
  node_index: 3
sq:
  cv1: 6.875
  cv2: 6.875
  energy: 159.567399
  grid_index: 2727
  node_index: 1
