SQ:
  cv1: 15.625
  cv2: 15.875
  energy: 0.0389045
  grid_index: 6263
  node_index: 11
hrect:
  cv1: 4.125
  cv2: 12.625
  energy: 184.90392
  grid_index: 1650
  node_index: 3
sq:
  cv1: 6.375
  cv2: 6.375
  energy: 170.857192
  grid_index: 2525
  node_index: 5
vrect:
  cv1: 12.625
  cv2: 4.125
  energy: 184.90392
  grid_index: 5016
  node_index: 7
