SQ:
  cv1: 16.125
  cv2: 16.125
  energy: 0.0
  grid_index: 6464
  node_index: 5
hrect:
  cv1: 2.625
  cv2: 13.875
  energy: 146.145659
  grid_index: 1055
  node_index: 1
sq:
  cv1: 6.125
  cv2: 6.125
  energy: 216.801656
  grid_index: 2424
  node_index: 2
vrect:
  cv1: 13.875
  cv2: 2.625
  energy: 146.145659
  grid_index: 5510
  node_index: 4
