SQ:
  cv1: 20.125
  cv2: 20.125
  energy: 0.0
  grid_index: 8080
  node_index: 23
hrect:
  cv1: 5.375
  cv2: 14.375
  energy: 80.2509015
  grid_index: 2157
  node_index: 1
vrect:
  cv1: 14.375
  cv2: 5.375
  energy: 80.2509015
  grid_index: 5721
  node_index: 20
