SQ:
  cv1: 15.625
  cv2: 15.625
  energy: 0.0
  grid_index: 6262
  node_index: 6
hrect:
  cv1: 4.375
  cv2: 10.875
  energy: 118.71327099999999
  grid_index: 1743
  node_index: 0
vrect:
  cv1: 10.875
  cv2: 4.375
  energy: 118.71327099999999
  grid_index: 4317
  node_index: 4
