SQ:
  cv1: 16.125
  cv2: 16.125
  energy: 0.62656
  grid_index: 6464
  node_index: 12
hrect:
  cv1: 4.625
  cv2: 10.375
  energy: 80.45126099999999
  grid_index: 1841
  node_index: 0
vrect:
  cv1: 10.375
  cv2: 4.625
  energy: 80.45126099999999
  grid_index: 4118
  node_index: 9
