SQ:
  cv1: 20.625
  cv2: 20.625
  energy: 0.0
  grid_index: 8282
  node_index: 25
hrect:
  cv1: 5.875
  cv2: 12.875
  energy: 119.749445
  grid_index: 2351
  node_index: 7
vrect:
  cv1: 12.875
  cv2: 5.875
  energy: 119.749445
  grid_index: 5123
  node_index: 16
