SQ:
  cv1: 19.875
  cv2: 19.875
  energy: 0.0
  grid_index: 7979
  node_index: 10
hrect:
  cv1: 6.375
  cv2: 14.875
  energy: 109.095625
  grid_index: 2559
  node_index: 3
vrect:
  cv1: 14.875
  cv2: 6.375
  energy: 109.095625
  grid_index: 5925
  node_index: 6
