SQ:
  cv1: 19.875
  cv2: 19.875
  energy: 0.407222
  grid_index: 7979
  node_index: 26
hrect:
  cv1: 5.375
  cv2: 14.625
  energy: 88.263207
  grid_index: 2158
  node_index: 6
vrect:
  cv1: 14.625
  cv2: 5.375
  energy: 88.263207
  grid_index: 5821
  node_index: 20
