SQ:
  cv1: 17.125
  cv2: 17.125
  energy: 0.092843
  grid_index: 6868
  node_index: 19
hrect:
  cv1: 5.375
  cv2: 9.875
  energy: 152.987921
  grid_index: 2139
  node_index: 1
vrect:
  cv1: 9.875
  cv2: 5.375
  energy: 152.987921
  grid_index: 3921
  node_index: 13
