SQ:
  cv1: 16.375
  cv2: 16.375
  energy: 0.127594
  grid_index: 6565
  node_index: 2
hrect:
  cv1: 4.875
  cv2: 12.625
  energy: 287.92472399999997
  grid_index: 1950
  node_index: 0
vrect:
  cv1: 12.625
  cv2: 4.875
  energy: 287.92472399999997
  grid_index: 5019
  node_index: 1
