SQ:
  cv1: 19.625
  cv2: 19.625
  energy: 0.0
  grid_index: 7878
  node_index: 8
hrect:
  cv1: 6.375
  cv2: 16.125
  energy: 105.12073699999999
  grid_index: 2564
  node_index: 1
vrect:
  cv1: 16.125
  cv2: 6.375
  energy: 105.12073699999999
  grid_index: 6425
  node_index: 4
