SQ:
  cv1: 18.875
  cv2: 19.125
  energy: 0.4319545
  grid_index: 7576
  node_index: 9
hrect:
  cv1: 6.375
  cv2: 16.125
  energy: 86.0621685
  grid_index: 2564
  node_index: 1
vrect:
  cv1: 16.125
  cv2: 6.375
  energy: 86.0621685
  grid_index: 6425
  node_index: 7
