SQ:
  cv1: 19.625
  cv2: 19.625
  energy: 0.248291
  grid_index: 7878
  node_index: 6
sq:
  cv1: 5.375
  cv2: 5.375
  energy: 303.661807
  grid_index: 2121
  node_index: 2
