SQ:
  cv1: 19.125
  cv2: 19.375
  energy: 0.7837895
  grid_index: 7677
  node_index: 28
sq:
  cv1: 5.875
  cv2: 5.875
  energy: 338.860132
  grid_index: 2323
  node_index: 19
