SQ:
  cv1: 21.125
  cv2: 21.125
  energy: 0.0
  grid_index: 8484
  node_index: 31
hrect:
  cv1: 5.875
  cv2: 9.125
  energy: 120.1266545
  grid_index: 2336
  node_index: 7
vrect:
  cv1: 9.125
  cv2: 5.875
  energy: 120.1266545
  grid_index: 3623
  node_index: 16
