SQ:
  cv1: 20.125
  cv2: 20.375
  energy: 1.0324435
  grid_index: 8081
  node_index: 52
hrect:
  cv1: 5.875
  cv2: 9.375
  energy: 133.269875
  grid_index: 2337
  node_index: 8
vrect:
  cv1: 9.375
  cv2: 5.875
  energy: 133.269875
  grid_index: 3723
  node_index: 27
