SQ:
  cv1: 16.875
  cv2: 16.875
  energy: 0.0
  grid_index: 6767
  node_index: 25
hrect:
  cv1: 4.625
  cv2: 12.625
  energy: 117.24737400000001
  grid_index: 1850
  node_index: 0
vrect:
  cv1: 12.625
  cv2: 4.625
  energy: 117.24737400000001
  grid_index: 5018
  node_index: 23
