SQ:
  cv1: 16.875
  cv2: 17.375
  energy: 0.2635355
  grid_index: 6769
  node_index: 38
hrect:
  cv1: 5.375
  cv2: 10.125
  energy: 144.743009
  grid_index: 2140
  node_index: 2
vrect:
  cv1: 10.125
  cv2: 5.375
  energy: 144.743009
  grid_index: 4021
  node_index: 26
