SQ:
  cv1: 15.625
  cv2: 15.625
  energy: 0.271835
  grid_index: 6262
  node_index: 8
sq:
  cv1: 6.625
  cv2: 6.625
  energy: 157.396963
  grid_index: 2626
  node_index: 3
