SQ:
  cv1: 16.125
  cv2: 16.375
  energy: 0.2862455
  grid_index: 6465
  node_index: 4
hrect:
  cv1: 5.125
  cv2: 12.625
  energy: 148.6315175
  grid_index: 2050
  node_index: 1
vrect:
  cv1: 12.625
  cv2: 5.125
  energy: 148.6315175
  grid_index: 5020
  node_index: 2
