SQ:
  cv1: 16.375
  cv2: 16.375
  energy: 0.009544
  grid_index: 6565
  node_index: 10
hrect:
  cv1: 5.375
  cv2: 12.375
  energy: 115.1224995
  grid_index: 2149
  node_index: 0
vrect:
  cv1: 12.375
  cv2: 5.375
  energy: 115.1224995
  grid_index: 4921
  node_index: 8
