SQ:
  cv1: 16.375
  cv2: 16.625
  energy: 0.62513
  grid_index: 6566
  node_index: 8
hrect:
  cv1: 5.125
  cv2: 12.125
  energy: 117.78724700000001
  grid_index: 2048
  node_index: 0
vrect:
  cv1: 12.125
  cv2: 5.125
  energy: 117.78724700000001
  grid_index: 4820
  node_index: 6
